S1119
123184
133190
1188
312642
S1036
106517
302403
7375
309865
S1040
S1130
S1120
S1144
109271
S1108
S1114
S1150
131012-1
104407
131012-46
10500
268919
312079
1705
307638
313454
301134
269152
309860
133442
131012-62
300015
101919
302055
102660
S1063
110082
S1037
131012-11
5533
309987
126718
301669
8084
2059
41858
30070
S1013
301623
310069
307498
36002
309842
103084
122880
27946
101321
130058
116215
156356
S1060
157284
8939
39167
303165
102212
1811
1820
29816
1762
131012-56
307646
S1153
190257
303600
223442
301557
307735
131012-5
131012-37
246097
309836
35779
S1023
244395
244479
1138
1018
41960
S1145
5434
1547
10510
38212
301077
212385
7657
257997
130145
S1015
301549
301226
8032
33868
156132
2312
10513
105932
131671
200567
301683
131012-12
117448
S1142
100438
247095
179286
179745
101992
135202
128832
129730
131012-4
303311
201114
190420
36719
37774
28585
26329
156169
305690
307275
27021
124587
109070
41894
125747
102964
1038
106063
310174
109402
129875
1688
107812
2099
131012-39
200621
167958
244086
28725
312311
118919
4850
301545
131012-38
131012-33
S1133
S1118
1046
133693
233962
131012-52
114994
307319
S1016
244411
1050
S1025
S1140
305563
27448
223315
102704
223420
S1128
S1127
7269
304620
301432
S1117
27513
S1116
S1029
S1024
302203
167997
5302
1567
301100
102319
S1055
301367
118712
S1104
133091
101141
212755
301108
125423
5254
301558
307418
S1107
1768
131012-48
131012-18
131012-64
131012-34
131012-63
302506
268860
105731
26782
7960
301017
37858
102729
244227
310145
145312
5433
246562
127923
211647
309891
37708
7844
121799
131012-54
3180
131012-42
3253
131012-23
8268
31380
304508
3652
301566
301255
3606
307514
100715
305677
1355
S1065
125972
34711
26163
301475
7668
32408
268707
35292
131012-40
121378
305402
129877
4062
31385
309858
131012-53
244773
307171
301099
100931
1321
S1017
223601
129859
122239
128607
301003
268367
S1097
S1096
305118
105365
1470
42237
S1056
31423
307389
106990
311860
190398
8962
306660
307176
3288
307417
31229
308364
S1033
247498
131012-19
S1124
S1123
1053
S1121
244501
1098
313308
212321
7010
310060
S1059
307912
131012-8
1100
301741
S1049
30904
305992
307687
301736
29867
116052
1233
131012-66
131012-61
29132
155848
103834
119746
131503
106564
309946
306533
155672
30066
131012-21
112960
307522
S1139
38080
301594
26395
301239
108355
S1018
244688
S1030
7271
31428
133571
131012-9
104508
108795
301087
302406
S1132
301707
7645
306647
305537
7161
S1044
S1045
4293
301925
131012-2
S1001
8082
126059
311337
132908
155496
8129
131012-30
118510
305195
155401
131012-65
7003
310125
1961
S1057
131012-51
301118
112125
301143
178433
S1111
S1126
S1125
S1014
268764
134344
128667
310922
S1007
29249
101926
7538
1135
39303
301568
S1102
S1087
122975
223674
104142
S1100
131012-31
1949
131012-3
S1103
S1099
107522
179789
7352
307526
305287
178538
1147
2329
304142
5553-15
102400
246790
103909
133749
113687
307470
130263
312554
103044
305423
304159
S1098
307627
301600
133897
38978
105650
S1019
117545
130309
S1147
305251
S1068
1160
126394
304156
132459
131012-67
S1003
S1067
156190
301624
115991
S1151
1396
4511
131012-35
307528
123276
301552
168129
303899
109274
3924
112492
S1031
S1032
244444
131012-47
1554
131012-45
131012-41
131012-59
28290
246139
S1072
307800
41835
301258
301354
S1122
124061
S1112
304743
4593
307430
100717
145314
246324
33856
1128
37058
307394
223039
33230
1476
223576
133142
301505
S1110
S1039
307896
S1054
S1077
S1095
311858
S1002
S1082
S1088
301513
2037
30412
133551
307604
301583
28089
4071
155462
156405
132150
157446
301366
S1154
S1086
S1062
S1078
122188
8142
307356
307782
33067
311861
8942
305374
S1020
S1152
7625
1178
122962
100387
4446
245205
307740
201077
131012-25
131012-43
131012-20
244924
2032
157338
131012-29
28411
S1066
127979
7160
S1047
32643
105211
7023
131012-49
301173
35338
301634
100943
S1027
111295
129634
121948
301091
310070
S1026
S1158
133606
1984
105540
155978
201008
S1058
117720
1342
116374
S1143
223444
132797
257913
124137
131839
1389
7864
310031
131012-14
102290
212008
35312
301603
309872
305522
268770
132311
301589
S1061
125164
5595
S1050
S1046
S1052
S1042
129668
179889
11065
131012-24
1832
307386
7690
25822
S1084
246992
308132
131012-50
31669
100454
223560
301591
131012-16
107771
4541
1245
133982
302043
105520
307624
101665
301868
29477
178253
211773
S1113
38363
129615
S1094
102666
306185
308353
127497
309852
104838
3369
313327
S1093
312067
1429
306738
131012-32
S1090
301047
3199
4089
S1157
S1074
29166
131660
2009
1406
S1109
301727
302747
S1070
11093
307369
S1161
S1075
306001
39174
35544
201183
S1136
S1135
307761
127702
307091
305312
247566
301251
301524
1221
244322
305313
310152
S1064
124839
128597
1962
157241
37902
7358
201105
305558
301246
301930
1407
212635
301633
5599
269068
S1069
7778
110608
212858
302693
S1071
313408
S1092
134888
S1008
S1129
131012-36
10579
121877
3682
301147
103207
117922
312060
307233
3912
3600
7084
33162
301250
S1134
S1053
27718
301442
301494
128819
4435
35285
105284
106046
1408
306428
2869
301556
309889
10484
S1051
134762
301185
3417
131012-15
131012-28
131012-26
301622
S1041
131947
307958
305430
129568
119023
118861
313348
233991
7800
38702
306634
38040
211823
101423
123551
305300
103482
245004
122197
302855
310079
101569
34166
313319
301440
307415
127770
133989
37569
131012-22
313085
116036
106172
S1137
34047
178284
30011
301538
4793
307636
108109
157813
7580
131012-27
131012-17
308933
115882
41530
244252
129342
128964
131012-44
29669
S1141
S1083
301283
268778
307739
212265
212145
301084
S1146
200970
35699
131160
223865
130556
102952
27389
S1021
131012-69
S1081
131012-55
131012-10
3981
1634
312644
301486
S1138
157597
8085
S1006
27784
29308
35839
116189
305982
S1048
301588
10155
301750
27955
155949
246820
39799
244012
1264
305171
S1009
S1156
307391
100978
306293
301560
1268
302964
118405
116671
308354
301069
S1159
301194
308346
7369
257661
301439
131012-13
223065
2157
301271
2550
301667
S1148
107770
131917
244875
257675
S1028
309122
129419
102687
244194
131012-7
8901
306489
33080
S1089
223632
311912
128242
302311
35914
120154
246079
211449
102948
310129
102578
129640
1285
301130
307438
27324
105185
7371
S1010
309808
155923
211347
131012-6
121596
125426
29304
307462
131006
S1005
310754
11201
7137
S1162
1487
127315
122687
1790
128413
113242
155366
268973
41566
25771
111979
129330
S1004
130041
1678
246674
31870
8069
131012-57
39323
5552-16
2529
1546
179819
301477
233924
118611
1383
8754
S1034
S1022
130749
33533
7718
3620
1296
25051
131012-60
113840
S1105
S1076
101652
S1035
25386
131928
134595
244663
179786
128407
212100
306811
31036
S1085
35611
101589
112479
102886
304365
307746
101496
131012
307635
311915
1571
104091
10810
312075
301293
305842
311781
1445
S1115
307714
1676
131012-58
307517
131012-68
S1149
302708
108481
301165
S1043
3896
134310
41599
7267
2305
301116
211343
308344
301551
1311
2307
301396
301136
307283
38058
305309
30687
306014
301508
7227
34512
28492
311891
S1131
1248
1535
268682
2196
1191
301502
2290
301435
223277
S1091
302696
S1080
113258
309853
131284
29244
S1160
190145
2576
120607
311910
S1155
244887